00000001
11101001
10100000
00100010
00000010
10001001
10100000
00100010
00000000
10101111
01111000
00100000
00000001
00101111
01111000
00100000
00000010
10001111
10101000
00101010
00100000
10101010
00000000
00001111
10001100
00001110
00000000
00001000
10101100
00001111
00000000
00001100
00010000
10100110
00000000
00000110
00010100
10100110
00000000
00000110
00011101
11100000
00000000
00000110
00001000
00000000
00000000
00010010
00000000
00000000
00000000
00000000
00100000
00010000
00000000
00000001
00100000
00010001
00000000
00000010
00100000
00010010
00000000
00000011
00100000
00010011
00000000
00000100